Esta árvore tem 197 elementos:
2733
63
7187
31
95
5310
8786
15
47
79
1172
4452
5977
7935
9271
7
23
39
55
71
87
621
1709
3598
5194
5555
6699
7382
8560
9090
9455
3
11
19
27
35
43
51
59
67
75
83
91
99
1035
1489
2102
3070
3974
5096
5250
5397
5756
6158
6962
7259
7697
8482
8734
8981
9192
9351
9740
1
5
9
13
17
21
25
29
33
37
41
45
49
53
57
61
65
69
73
77
81
85
89
93
97
457
826
1077
1405
1568
2043
2443
2832
3198
3749
4183
4708
5099
5203
5256
5382
5498
5737
5782
6013
6493
6852
7065
7194
7320
7541
7811
7959
8492
8711
8771
8815
9005
9155
9261
9274
9441
9647
9904
0
2
4
6
8
10
12
14
16
18
20
22
24
26
28
30
32
34
36
38
40
42
44
46
48
50
52
54
56
58
60
62
64
66
68
70
72
74
76
78
80
82
84
86
88
90
92
94
96
98
262
535
815
1031
1055
1165
1232
1481
1552
1625
2006
2100
2331
2716
2830
2960
3131
3502
3744
3939
